1024
8835.6
7430.5
0.0
0.0
1352870.1
-1921.4
-1976.8
0.0
0.0
7608931.4
4522.5
-8428.9
0.0
0.0
6213823.5
-6719.3
-2713.7
0.0
0.0
8115294.4
6559.4
7414.4
0.0
0.0
3997596.1
6361.3
3360.5
0.0
0.0
3535067.3
3204.3
3919.2
0.0
0.0
9847372.3
8773.0
-6195.5
0.0
0.0
679309.4
2831.8
6890.4
0.0
0.0
9827581.0
-9125.7
-9824.5
0.0
0.0
8226154.5
-5341.8
9011.0
0.0
0.0
7005628.5
-3546.3
-2910.4
0.0
0.0
1316664.2
-8580.1
-8387.9
0.0
0.0
2062931.8
3449.0
-5107.1
0.0
0.0
5523911.8
-518.8
-8547.8
0.0
0.0
4295736.1
6844.5
7813.6
0.0
0.0
1141960.5
-6765.9
1017.9
0.0
0.0
7753599.0
-7087.2
-209.1
0.0
0.0
9560722.6
-6709.7
-7377.3
0.0
0.0
8083679.5
-7072.7
-6503.0
0.0
0.0
8167021.6
9192.9
-1844.8
0.0
0.0
7697259.9
2889.0
4608.9
0.0
0.0
1564820.4
4608.3
6028.7
0.0
0.0
2330571.9
7898.6
-522.3
0.0
0.0
4654677.7
-1524.7
8958.8
0.0
0.0
5344485.0
6466.3
5803.4
0.0
0.0
4305922.5
7817.8
9037.5
0.0
0.0
9539425.7
3088.6
-8049.7
0.0
0.0
4690102.1
2163.8
-4759.4
0.0
0.0
5935873.7
-1870.6
-1832.1
0.0
0.0
7596954.8
-5729.5
-2639.2
0.0
0.0
1970666.0
9422.6
-9750.2
0.0
0.0
8909877.4
-8335.7
4858.0
0.0
0.0
7023520.4
-4481.8
2756.7
0.0
0.0
2025418.4
4264.9
-8768.0
0.0
0.0
1530865.8
-5536.2
7698.3
0.0
0.0
9037458.7
2476.3
5516.1
0.0
0.0
8580264.5
1506.6
-1395.3
0.0
0.0
9506655.4
-9672.1
-9231.6
0.0
0.0
2495940.7
1771.8
-1102.2
0.0
0.0
6375701.4
-3287.2
3168.3
0.0
0.0
9872092.2
-191.1
2590.9
0.0
0.0
9990741.4
-2486.1
4255.3
0.0
0.0
7548313.3
-8752.3
9773.5
0.0
0.0
4107739.7
-5540.9
4038.4
0.0
0.0
4692932.4
-3370.7
8502.1
0.0
0.0
3599627.5
-5397.1
978.4
0.0
0.0
1469785.4
-8386.0
-7515.0
0.0
0.0
5557005.2
-9424.6
-7187.1
0.0
0.0
5922009.4
-5222.6
4584.8
0.0
0.0
648477.6
7147.3
-8702.4
0.0
0.0
6903431.4
6878.0
1106.5
0.0
0.0
3384130.6
6858.5
8620.4
0.0
0.0
655395.6
1697.0
9868.1
0.0
0.0
547798.3
9292.3
-5672.8
0.0
0.0
7216016.5
-1880.5
956.5
0.0
0.0
6504535.1
4645.0
5559.4
0.0
0.0
2219276.5
6686.7
7173.4
0.0
0.0
3399666.5
-2667.0
7748.8
0.0
0.0
4735807.2
8747.8
-7473.8
0.0
0.0
2163572.2
9060.4
9673.4
0.0
0.0
2779916.3
2541.3
6551.4
0.0
0.0
8055505.5
8613.1
3409.9
0.0
0.0
7400217.1
8940.3
-4893.1
0.0
0.0
7337571.5
9040.9
-5600.8
0.0
0.0
9392987.1
3179.9
2518.7
0.0
0.0
5097329.6
-4179.0
-2836.2
0.0
0.0
2988057.7
-559.5
-6149.5
0.0
0.0
1645435.9
5545.1
1183.5
0.0
0.0
576119.6
-5537.4
-68.7
0.0
0.0
1776049.5
-2035.2
-1008.4
0.0
0.0
1620927.0
2764.7
-8467.1
0.0
0.0
9482844.2
-1329.0
-9854.0
0.0
0.0
6352542.5
-6802.2
9086.3
0.0
0.0
8778335.2
7592.7
8127.2
0.0
0.0
1367962.1
6314.7
1307.1
0.0
0.0
7314355.5
-4006.7
7128.1
0.0
0.0
1217142.9
1231.3
-3431.4
0.0
0.0
3046109.7
3642.8
-7886.3
0.0
0.0
8358261.1
3803.0
-3423.7
0.0
0.0
3575606.5
6489.5
4541.1
0.0
0.0
7846623.6
8849.3
-2694.2
0.0
0.0
8574743.6
7760.6
5976.8
0.0
0.0
8644097.2
81.7
9174.6
0.0
0.0
8210079.9
-2490.2
6767.2
0.0
0.0
7320490.1
-662.9
3082.0
0.0
0.0
3191344.3
-6316.9
9075.3
0.0
0.0
1827177.6
-4807.2
306.6
0.0
0.0
4947266.4
553.1
-6050.6
0.0
0.0
5951277.3
-2903.2
7752.4
0.0
0.0
9075017.6
3571.7
4241.9
0.0
0.0
6482059.4
-961.7
3091.2
0.0
0.0
9952319.1
-3962.2
851.8
0.0
0.0
8041302.2
-6816.8
-9066.5
0.0
0.0
7649225.7
9415.0
-1556.8
0.0
0.0
6113661.2
3773.9
7780.3
0.0
0.0
2827595.7
9439.9
-8536.7
0.0
0.0
2388358.9
-7766.0
-3343.8
0.0
0.0
7284008.3
1596.6
7209.3
0.0
0.0
9159979.9
-6927.0
-5694.0
0.0
0.0
8092393.4
-8874.3
7877.8
0.0
0.0
5357298.2
3719.5
-3083.9
0.0
0.0
2075621.4
3619.1
2953.9
0.0
0.0
7230207.0
-504.5
6137.1
0.0
0.0
7673597.7
-5453.5
5552.1
0.0
0.0
2184128.6
6364.8
-673.9
0.0
0.0
1129761.9
-8735.0
-1234.0
0.0
0.0
1824853.0
-4759.5
999.9
0.0
0.0
4986544.6
9522.6
-7403.4
0.0
0.0
3660946.7
7754.1
-4330.4
0.0
0.0
5706320.1
3738.1
-3204.8
0.0
0.0
4698271.5
-6036.0
-9485.3
0.0
0.0
7983424.4
-2718.9
4133.8
0.0
0.0
4636522.5
-8550.1
-6370.6
0.0
0.0
2801662.8
6552.3
-1824.1
0.0
0.0
688925.2
-9902.2
-5459.3
0.0
0.0
5118799.9
-8576.4
-4194.4
0.0
0.0
9282631.2
-5787.2
1046.1
0.0
0.0
5007596.7
3658.1
568.7
0.0
0.0
6240962.6
-9687.2
-1677.2
0.0
0.0
8934006.4
1273.4
-7939.1
0.0
0.0
2661745.6
-9888.1
-3975.1
0.0
0.0
2906239.8
5866.5
3306.0
0.0
0.0
9619808.0
-5425.1
4755.9
0.0
0.0
1843752.4
-579.5
1308.2
0.0
0.0
5727298.7
-181.7
1406.0
0.0
0.0
7884108.1
9542.1
2829.6
0.0
0.0
1141776.3
8031.8
7042.3
0.0
0.0
6388662.2
-2478.5
700.5
0.0
0.0
1908774.0
9607.7
1013.2
0.0
0.0
5862091.6
7363.5
-7713.3
0.0
0.0
6841008.4
-8085.4
-7601.4
0.0
0.0
9702822.7
-3019.6
8265.0
0.0
0.0
6523155.7
-3820.1
-7160.0
0.0
0.0
4032214.6
-991.1
2260.5
0.0
0.0
9403597.1
-9986.3
-7921.2
0.0
0.0
5321431.7
5559.2
-8379.1
0.0
0.0
1915480.5
6910.3
9652.7
0.0
0.0
510596.4
-692.5
-2825.8
0.0
0.0
5593324.0
2273.4
-3218.1
0.0
0.0
1324610.0
-6438.0
-5854.5
0.0
0.0
2410774.5
6911.5
-3939.9
0.0
0.0
3550088.9
6285.8
3040.4
0.0
0.0
2725977.8
-1033.8
9220.4
0.0
0.0
4074963.5
6402.4
-1770.7
0.0
0.0
9898708.8
5146.8
-1757.0
0.0
0.0
1386139.0
-4702.8
-6197.8
0.0
0.0
2156054.0
-1722.8
-9287.4
0.0
0.0
1991085.0
-1700.5
20.1
0.0
0.0
5398828.6
9022.3
-7706.6
0.0
0.0
8620247.5
-9241.7
-4144.6
0.0
0.0
1089348.1
-5219.0
-7233.1
0.0
0.0
3967875.9
1202.2
9052.7
0.0
0.0
662070.9
5888.5
-1981.1
0.0
0.0
9791740.9
-6585.3
-5578.7
0.0
0.0
4200638.5
-6798.5
9568.1
0.0
0.0
8116062.2
-4933.0
-5134.7
0.0
0.0
9922120.2
-1446.6
3142.4
0.0
0.0
760588.8
1692.6
-8558.1
0.0
0.0
5520130.2
-7994.1
-9535.8
0.0
0.0
6609518.4
9101.2
-8777.6
0.0
0.0
9390844.9
-9658.1
-3996.6
0.0
0.0
1205118.3
-2357.3
7205.6
0.0
0.0
755161.1
-2016.1
3094.1
0.0
0.0
4564129.1
-2454.6
6508.8
0.0
0.0
6664236.9
5336.3
9710.2
0.0
0.0
6459081.5
1370.1
-5222.8
0.0
0.0
8770094.7
1206.1
3330.7
0.0
0.0
5512757.0
1754.7
-4976.8
0.0
0.0
6197664.7
-7676.6
-2970.9
0.0
0.0
6418141.8
5185.6
-3869.7
0.0
0.0
6998798.4
3903.1
-3527.8
0.0
0.0
9850408.8
5387.6
4114.8
0.0
0.0
8523062.2
5924.8
-7901.3
0.0
0.0
5242736.1
-5519.2
-355.8
0.0
0.0
3584394.2
7458.2
-5019.6
0.0
0.0
3446745.3
3.6
6350.5
0.0
0.0
5715928.3
-2585.7
-2443.4
0.0
0.0
2547997.2
7967.5
9311.3
0.0
0.0
4934037.1
-37.4
-8365.3
0.0
0.0
8272876.4
-7578.2
6820.3
0.0
0.0
1684762.8
6103.5
723.4
0.0
0.0
4759044.2
5788.6
-3889.0
0.0
0.0
1963596.7
2679.2
-7964.2
0.0
0.0
2960491.0
-7336.0
-3483.4
0.0
0.0
7541468.2
-842.6
-6025.2
0.0
0.0
9907166.6
5361.1
3978.4
0.0
0.0
8173648.4
-3658.0
-8607.3
0.0
0.0
2263033.9
653.6
9360.2
0.0
0.0
1935911.9
9988.4
-677.2
0.0
0.0
2712412.6
6352.3
1744.7
0.0
0.0
1202054.4
8846.6
-2151.8
0.0
0.0
6295682.2
-2187.0
-6363.2
0.0
0.0
9198414.4
894.2
6316.0
0.0
0.0
665412.0
6074.2
8979.9
0.0
0.0
3760804.1
898.4
-1862.6
0.0
0.0
5648827.7
702.9
-6501.6
0.0
0.0
2788564.2
-3142.0
-159.6
0.0
0.0
3450108.5
569.6
-9506.0
0.0
0.0
3146217.5
3592.6
-9517.6
0.0
0.0
7574555.9
8250.3
6834.7
0.0
0.0
3653265.4
9728.3
5681.3
0.0
0.0
7381144.4
1929.7
-6505.8
0.0
0.0
9108601.8
242.2
4388.5
0.0
0.0
7358699.6
590.4
462.7
0.0
0.0
6874174.1
7455.3
-8639.0
0.0
0.0
1239419.3
-1705.1
2063.9
0.0
0.0
2901180.8
3112.9
8921.9
0.0
0.0
7575386.6
9323.7
-508.5
0.0
0.0
7810034.2
-5105.3
-6915.9
0.0
0.0
8039160.5
9788.5
-8665.6
0.0
0.0
6535641.9
-3573.1
-8937.3
0.0
0.0
4484241.4
-9086.4
2992.5
0.0
0.0
6144003.0
9036.9
-6765.3
0.0
0.0
3478523.6
3476.3
3825.1
0.0
0.0
8448294.0
-3104.4
1280.4
0.0
0.0
9094782.4
-1547.7
9575.3
0.0
0.0
5325155.5
3507.4
2688.2
0.0
0.0
4813061.5
-1597.0
2011.9
0.0
0.0
9321534.5
-6207.5
6906.6
0.0
0.0
1286486.3
9664.4
6695.1
0.0
0.0
1920329.6
2371.0
-6878.0
0.0
0.0
2425118.5
-9241.1
-5964.4
0.0
0.0
8596535.5
2641.0
-6927.5
0.0
0.0
632994.8
8911.6
6548.8
0.0
0.0
7199908.5
5644.8
-6555.5
0.0
0.0
3058080.6
3739.1
1896.8
0.0
0.0
2856338.7
-6102.7
-4595.8
0.0
0.0
8883247.2
2977.5
3807.1
0.0
0.0
5088914.5
1549.1
7599.6
0.0
0.0
3619558.3
3204.9
7264.0
0.0
0.0
2049734.3
6195.1
-364.9
0.0
0.0
3532708.0
-9752.1
394.0
0.0
0.0
5449623.8
7293.3
-6965.0
0.0
0.0
6909083.4
7573.3
-8053.4
0.0
0.0
5269786.6
1678.3
7591.4
0.0
0.0
6905907.3
7063.8
1330.6
0.0
0.0
3056864.9
-7975.5
5227.9
0.0
0.0
5623840.2
9673.4
-1794.6
0.0
0.0
2682219.7
-665.7
9754.5
0.0
0.0
1542037.7
5901.8
2959.4
0.0
0.0
9742454.6
9164.4
-845.5
0.0
0.0
4819112.3
-4451.0
-597.6
0.0
0.0
9756252.3
5969.3
-3304.3
0.0
0.0
1697877.5
-537.9
-5731.0
0.0
0.0
2622511.6
9503.8
5947.3
0.0
0.0
1478448.4
2989.9
3011.1
0.0
0.0
6860470.5
8372.8
5035.6
0.0
0.0
4593733.2
-840.2
4709.0
0.0
0.0
8491298.1
3753.9
-5956.7
0.0
0.0
8374699.8
5947.7
9945.1
0.0
0.0
5030424.6
5405.5
9109.4
0.0
0.0
9378802.0
-5501.6
-5341.5
0.0
0.0
4344950.5
-6014.8
-9372.2
0.0
0.0
7525405.8
-3492.9
89.9
0.0
0.0
9553162.5
975.5
-406.4
0.0
0.0
7628129.3
3035.4
-7416.5
0.0
0.0
4308386.6
-3574.1
-9043.7
0.0
0.0
1950273.2
5044.2
116.1
0.0
0.0
8937036.3
1868.0
-6130.0
0.0
0.0
1357590.5
-1553.7
9817.7
0.0
0.0
1331494.0
7984.1
5223.2
0.0
0.0
908481.0
6676.3
9721.5
0.0
0.0
3121259.6
-5229.1
-6293.3
0.0
0.0
3419453.5
9561.3
213.8
0.0
0.0
8212146.1
8620.5
-8810.7
0.0
0.0
3269124.1
3627.1
4224.7
0.0
0.0
4496294.7
-8355.2
-9349.4
0.0
0.0
4950522.9
-5302.0
5694.8
0.0
0.0
9755648.8
-7539.8
-2437.2
0.0
0.0
2093892.2
-5734.4
6009.2
0.0
0.0
2007290.7
-3983.9
3993.3
0.0
0.0
9238299.1
-3123.9
669.5
0.0
0.0
9106029.5
2394.5
5440.5
0.0
0.0
1366734.2
8540.8
5001.7
0.0
0.0
6218290.9
4776.9
3622.3
0.0
0.0
6783210.9
-9393.4
-2750.6
0.0
0.0
4039942.8
-980.2
-1105.8
0.0
0.0
4348957.1
8389.4
3592.2
0.0
0.0
2303986.9
7874.9
6052.4
0.0
0.0
5896330.4
-8769.5
-9682.0
0.0
0.0
4000687.4
-5596.2
-3665.9
0.0
0.0
1147482.5
-7199.8
3210.3
0.0
0.0
6215517.6
-9081.9
-4395.2
0.0
0.0
4049743.3
-7257.2
-5854.4
0.0
0.0
1675565.3
4781.3
8922.4
0.0
0.0
8146146.2
-1990.8
9529.0
0.0
0.0
2089615.2
5461.7
-1451.1
0.0
0.0
6314359.1
-6435.3
-3061.8
0.0
0.0
3270650.9
-2637.4
-5186.8
0.0
0.0
1395527.1
8723.3
-3956.3
0.0
0.0
1546578.1
-3906.8
447.4
0.0
0.0
4555297.9
-2543.7
3247.6
0.0
0.0
1330167.5
9489.0
4165.7
0.0
0.0
3992446.7
-3037.9
6908.6
0.0
0.0
5961588.8
-563.0
1689.9
0.0
0.0
5449740.0
-4465.9
9699.1
0.0
0.0
5226024.4
-1119.3
5160.7
0.0
0.0
9286736.7
-8878.6
8725.5
0.0
0.0
3082399.7
-3045.6
-3911.9
0.0
0.0
5368662.1
-1160.3
-5188.6
0.0
0.0
8239416.2
1043.0
904.5
0.0
0.0
3701952.7
9580.5
8360.8
0.0
0.0
9994570.7
-8671.8
7849.7
0.0
0.0
7223299.6
-1319.3
-5188.2
0.0
0.0
5754873.6
-9821.2
4248.8
0.0
0.0
1807583.7
599.3
9782.9
0.0
0.0
1664640.7
-9451.2
-1336.4
0.0
0.0
8865987.5
9047.2
-215.0
0.0
0.0
8260581.2
-5516.1
6739.4
0.0
0.0
1652408.8
4733.7
-4420.9
0.0
0.0
3937800.6
1027.2
6622.2
0.0
0.0
9117444.0
7768.1
6202.6
0.0
0.0
8338821.7
7756.7
7530.9
0.0
0.0
7317451.1
1911.0
-3788.4
0.0
0.0
9603075.6
-7026.1
-3609.6
0.0
0.0
6871260.4
-4273.3
6989.7
0.0
0.0
6768151.7
-1821.4
7538.6
0.0
0.0
1383364.8
-4208.8
6585.8
0.0
0.0
6031258.7
-7870.7
-8930.3
0.0
0.0
4482484.4
-5444.6
5803.4
0.0
0.0
7132568.9
1792.9
-3169.4
0.0
0.0
5528090.3
-65.1
-5401.3
0.0
0.0
3724346.4
-3562.4
-7644.6
0.0
0.0
2551504.8
-9209.8
4266.5
0.0
0.0
5502012.2
9954.5
7240.4
0.0
0.0
8537457.2
3367.7
-7032.9
0.0
0.0
7107580.0
-3436.2
1145.7
0.0
0.0
5938405.0
-1576.5
6936.9
0.0
0.0
4316668.9
-9931.7
9066.2
0.0
0.0
4824771.3
-1547.5
-6378.4
0.0
0.0
2831374.4
-7584.2
5414.5
0.0
0.0
6075894.3
3001.2
-4650.7
0.0
0.0
8260283.9
9789.3
1787.0
0.0
0.0
9379113.9
-5891.7
2577.2
0.0
0.0
6655683.7
4638.8
2531.7
0.0
0.0
5344867.0
1559.8
-4100.6
0.0
0.0
6754247.5
-4529.5
2463.3
0.0
0.0
2548465.8
6919.8
-9113.2
0.0
0.0
1093509.4
-5045.1
-9044.9
0.0
0.0
649959.6
4059.6
-592.4
0.0
0.0
2370225.1
8967.8
1823.4
0.0
0.0
9692106.4
706.5
-5175.4
0.0
0.0
2733047.5
-2956.0
-5386.0
0.0
0.0
8331870.3
-4263.2
-1277.8
0.0
0.0
4806025.7
8696.2
-6638.9
0.0
0.0
1258589.4
-1104.1
4920.9
0.0
0.0
4060821.8
-7937.3
-9608.6
0.0
0.0
9980874.7
-3624.7
7311.2
0.0
0.0
902112.8
-2375.2
-7734.0
0.0
0.0
1355794.8
-2059.5
6325.7
0.0
0.0
5824405.2
1877.8
5293.5
0.0
0.0
1940512.9
1229.6
-4000.0
0.0
0.0
4232208.3
5930.8
3044.0
0.0
0.0
6423837.6
2418.9
8780.8
0.0
0.0
1066905.8
-8515.8
7477.0
0.0
0.0
2663425.1
-6918.7
-3627.1
0.0
0.0
9750852.6
577.7
-1564.4
0.0
0.0
9936768.3
537.5
4810.9
0.0
0.0
8659577.3
1384.0
-7564.3
0.0
0.0
9735948.5
3185.7
376.2
0.0
0.0
7990653.2
-5605.0
-7746.0
0.0
0.0
5755065.7
-2572.4
3483.6
0.0
0.0
8605080.4
5284.9
-585.6
0.0
0.0
5300981.2
-2243.9
-8166.7
0.0
0.0
4721881.9
-1050.4
-6682.5
0.0
0.0
3523466.3
3504.2
-3601.2
0.0
0.0
6550601.3
2979.7
6976.5
0.0
0.0
1057534.5
2846.6
-2486.0
0.0
0.0
8092731.6
24.6
8898.0
0.0
0.0
9249702.0
-531.3
2083.7
0.0
0.0
4678405.4
-4761.5
6478.6
0.0
0.0
5749066.8
6301.8
-6093.7
0.0
0.0
2653792.5
3365.1
9191.2
0.0
0.0
7125630.2
-6527.5
-3052.7
0.0
0.0
7996450.0
2360.6
5896.9
0.0
0.0
9572277.7
8725.8
-598.9
0.0
0.0
3111702.7
1463.9
-7619.2
0.0
0.0
1675546.8
2637.7
5227.4
0.0
0.0
5244684.8
-1377.6
-4748.0
0.0
0.0
4721229.4
-2957.2
4720.7
0.0
0.0
960975.3
5839.5
9959.2
0.0
0.0
8788327.9
-3109.9
6261.0
0.0
0.0
1143800.0
1424.4
-373.8
0.0
0.0
759599.9
-4626.9
3098.7
0.0
0.0
4059565.3
-8844.9
-4540.7
0.0
0.0
2110601.9
-9745.3
-5814.9
0.0
0.0
6576134.9
-4247.0
5649.1
0.0
0.0
7707016.9
-1772.2
-1713.2
0.0
0.0
5440016.1
8216.6
6909.2
0.0
0.0
7934709.8
-2896.6
-6048.0
0.0
0.0
5427046.5
-1926.1
9791.5
0.0
0.0
5407679.5
-4477.0
-3318.4
0.0
0.0
3631674.3
-3121.6
8106.0
0.0
0.0
8204111.5
-2575.1
-6520.8
0.0
0.0
4925972.2
4918.7
-5365.7
0.0
0.0
7519138.2
8309.5
-5111.1
0.0
0.0
9507075.9
1101.3
641.9
0.0
0.0
7440386.6
-3726.0
8869.7
0.0
0.0
1876604.8
6674.0
7086.4
0.0
0.0
9908462.0
2326.1
-5810.2
0.0
0.0
2285660.3
-7301.2
2263.7
0.0
0.0
2186604.9
3030.7
7786.7
0.0
0.0
5360362.7
9623.7
-5334.9
0.0
0.0
4460726.2
5842.9
2090.0
0.0
0.0
6113325.5
-4839.2
-2991.3
0.0
0.0
8314610.7
9937.9
-4681.8
0.0
0.0
1136859.4
8900.2
6419.5
0.0
0.0
6191774.4
3511.5
-7306.5
0.0
0.0
5654902.5
6409.6
9367.6
0.0
0.0
4270928.5
6216.9
1693.6
0.0
0.0
6261081.7
9976.2
4392.4
0.0
0.0
2586337.4
-6473.1
-2576.9
0.0
0.0
1535023.5
3759.3
-2953.1
0.0
0.0
3750940.0
-7902.4
-7110.2
0.0
0.0
9493686.7
3915.2
-1949.5
0.0
0.0
3322828.8
367.0
-2011.6
0.0
0.0
5848968.3
1707.7
-3111.4
0.0
0.0
4148240.2
-6309.6
-9599.9
0.0
0.0
5427661.3
4542.8
6809.7
0.0
0.0
5127247.7
-7518.4
3026.6
0.0
0.0
1181709.1
4610.2
3002.8
0.0
0.0
8018092.0
9002.5
6529.7
0.0
0.0
2044076.0
-8818.5
289.0
0.0
0.0
5391335.3
-1974.4
2386.6
0.0
0.0
6763981.5
-3040.3
-3698.2
0.0
0.0
1087986.6
2902.5
6668.8
0.0
0.0
4882489.0
-5836.5
-1623.5
0.0
0.0
8154564.4
1844.0
2066.9
0.0
0.0
8344599.5
-7782.0
-3390.2
0.0
0.0
6829198.9
1959.6
-908.6
0.0
0.0
3516824.8
3394.7
-6298.3
0.0
0.0
9693137.4
-777.7
-7295.8
0.0
0.0
8044741.7
2473.0
-6114.3
0.0
0.0
3432000.3
-7229.5
1911.3
0.0
0.0
9315639.6
5957.9
8871.0
0.0
0.0
2808984.9
7195.7
1773.5
0.0
0.0
1226647.0
-3578.0
5937.0
0.0
0.0
5205485.3
-7463.1
-2219.1
0.0
0.0
1437274.1
9051.9
-1.1
0.0
0.0
4576916.0
2376.5
-8041.5
0.0
0.0
8895339.4
8727.7
5353.3
0.0
0.0
1153626.0
8081.7
-5424.4
0.0
0.0
2438113.1
3965.3
7048.6
0.0
0.0
4283824.4
-9862.0
9819.1
0.0
0.0
9941699.8
8697.2
5777.0
0.0
0.0
9405425.9
-6441.8
2972.7
0.0
0.0
5497831.7
-4912.0
9394.8
0.0
0.0
3567885.4
4994.3
-8068.3
0.0
0.0
7263827.2
6967.5
-9016.5
0.0
0.0
2513318.5
-4449.5
3360.0
0.0
0.0
3443606.8
-6775.1
2087.7
0.0
0.0
1236401.3
-5399.1
169.4
0.0
0.0
3409793.9
-1318.8
-5865.3
0.0
0.0
2007860.7
6647.1
-5727.3
0.0
0.0
1921937.1
6524.4
-7030.1
0.0
0.0
9416004.3
5272.7
-3471.9
0.0
0.0
6078049.2
-4205.6
1616.1
0.0
0.0
5790560.5
2253.1
-3389.6
0.0
0.0
6708102.9
-3507.3
-6422.1
0.0
0.0
7175275.6
731.3
-871.6
0.0
0.0
4021277.7
6928.4
2353.3
0.0
0.0
9762934.0
8478.7
6954.2
0.0
0.0
5093381.8
-5395.4
-4364.6
0.0
0.0
7057362.9
-2221.0
-7717.5
0.0
0.0
9086877.4
772.6
8806.9
0.0
0.0
997565.1
-456.9
4079.6
0.0
0.0
4098410.9
-8713.6
9874.0
0.0
0.0
9616061.6
2424.4
2127.1
0.0
0.0
3256002.7
-4505.9
8619.8
0.0
0.0
4955508.3
9547.3
-648.9
0.0
0.0
9291494.3
-3039.5
-3720.5
0.0
0.0
5659300.3
-3538.6
-5241.8
0.0
0.0
4212552.1
6131.7
-637.2
0.0
0.0
6889363.0
-63.3
7141.8
0.0
0.0
7973557.3
-1985.7
-2085.6
0.0
0.0
7406834.8
-938.2
7457.5
0.0
0.0
4594621.3
6637.4
8743.8
0.0
0.0
4534748.6
5829.1
1168.2
0.0
0.0
795102.1
-8368.8
6662.3
0.0
0.0
9639508.9
1011.3
6209.6
0.0
0.0
4581287.5
-480.3
-6829.9
0.0
0.0
7564044.7
-9618.7
-368.5
0.0
0.0
9824181.7
-1802.8
-4236.8
0.0
0.0
4771492.5
-8351.5
5699.9
0.0
0.0
3413837.8
7382.3
-6285.8
0.0
0.0
7173154.6
1923.0
2776.0
0.0
0.0
5965447.3
-9456.7
-586.6
0.0
0.0
5368765.1
-962.5
-4757.4
0.0
0.0
1173668.5
-341.2
-3126.2
0.0
0.0
9088260.4
-1100.1
7885.1
0.0
0.0
7287816.3
7492.0
-2595.3
0.0
0.0
8793614.1
2363.7
-2213.9
0.0
0.0
3868587.7
1993.6
5983.3
0.0
0.0
6606118.9
-9013.8
7631.9
0.0
0.0
4563570.7
-2879.4
5014.2
0.0
0.0
6327820.5
-8830.7
-3062.7
0.0
0.0
2896433.3
2675.5
-2519.4
0.0
0.0
7367820.2
-7074.4
6518.1
0.0
0.0
9858042.7
-5656.2
-3823.1
0.0
0.0
3623103.5
-7575.6
5076.7
0.0
0.0
2618511.0
6714.5
2568.7
0.0
0.0
6135759.5
4174.7
-5067.5
0.0
0.0
9834149.3
-8733.5
6926.0
0.0
0.0
7926232.3
4121.5
7912.2
0.0
0.0
6801371.7
-7323.6
-4967.2
0.0
0.0
4433124.7
4945.5
-3797.9
0.0
0.0
7728325.9
9990.6
8877.6
0.0
0.0
1781596.8
4449.2
-8196.8
0.0
0.0
9627686.0
4150.3
-3853.0
0.0
0.0
3061695.6
-9274.7
-1428.7
0.0
0.0
723134.4
-4814.7
-4714.2
0.0
0.0
6693290.0
7050.0
9460.6
0.0
0.0
9036207.0
6700.9
-9272.9
0.0
0.0
7576067.0
2335.1
4848.6
0.0
0.0
6584362.6
-4398.9
7524.9
0.0
0.0
8974931.5
3881.4
2470.4
0.0
0.0
2420928.2
-901.1
2461.0
0.0
0.0
1887800.2
1797.0
-3089.8
0.0
0.0
2744312.6
1013.2
-8939.5
0.0
0.0
5664133.9
6406.2
-8214.3
0.0
0.0
9735524.4
6876.0
-3029.0
0.0
0.0
2746300.4
-85.5
-5979.0
0.0
0.0
2490075.9
-2114.6
-9278.1
0.0
0.0
2835438.8
-7217.6
3057.0
0.0
0.0
9888507.8
5591.6
8658.1
0.0
0.0
8712853.6
3433.6
2539.4
0.0
0.0
5136296.9
7477.6
-8361.7
0.0
0.0
1555270.7
-9600.7
3435.3
0.0
0.0
4837595.5
-4875.8
-5551.5
0.0
0.0
5341313.8
5996.0
-9145.3
0.0
0.0
6189529.1
5439.2
7730.6
0.0
0.0
9500752.4
-9831.7
-2354.9
0.0
0.0
1910743.3
-5642.1
5530.5
0.0
0.0
2253651.0
-725.4
8313.0
0.0
0.0
8455708.0
-960.1
3904.6
0.0
0.0
7818285.8
-3669.9
-2661.9
0.0
0.0
4274509.1
6090.8
-5184.3
0.0
0.0
5052703.9
8312.4
-4784.9
0.0
0.0
1934467.0
-2555.8
339.2
0.0
0.0
4047484.3
7636.4
-3664.7
0.0
0.0
4453451.6
-385.6
-8225.5
0.0
0.0
3375503.2
-1436.7
-8057.2
0.0
0.0
7006929.1
1533.3
-3699.3
0.0
0.0
4883936.3
5225.2
5575.4
0.0
0.0
4082591.7
1974.1
-5384.7
0.0
0.0
1187258.1
-2619.0
945.5
0.0
0.0
4672866.7
5327.3
-2963.8
0.0
0.0
6960345.9
-5088.0
-4651.4
0.0
0.0
9437495.9
-2068.1
2792.8
0.0
0.0
4848629.3
5400.3
429.2
0.0
0.0
7857880.0
-6276.7
-9956.4
0.0
0.0
8700772.4
-223.0
-1393.1
0.0
0.0
9623606.8
-6524.2
-9859.8
0.0
0.0
3116459.1
2705.2
5365.4
0.0
0.0
1014768.1
-9752.5
-2660.6
0.0
0.0
3207041.6
-8305.7
4720.4
0.0
0.0
8406133.2
479.3
47.7
0.0
0.0
2248339.7
-5920.0
4959.7
0.0
0.0
4788931.9
-7104.2
-7108.4
0.0
0.0
1365505.3
2050.8
8291.8
0.0
0.0
6319373.7
-2458.9
-7984.8
0.0
0.0
6340066.0
-5194.1
1792.2
0.0
0.0
928334.8
-5986.5
5268.0
0.0
0.0
994923.2
-478.2
-2026.8
0.0
0.0
8293482.4
605.5
-1779.4
0.0
0.0
2279720.3
6304.6
-85.1
0.0
0.0
9271922.7
2949.0
-9605.8
0.0
0.0
4544598.6
6629.8
-5525.7
0.0
0.0
2150452.1
-4340.9
-2629.9
0.0
0.0
3523950.0
-2518.8
9420.9
0.0
0.0
2712576.7
9732.5
-3038.0
0.0
0.0
3669783.8
2027.4
1767.8
0.0
0.0
9271074.6
2929.2
5781.3
0.0
0.0
7023378.0
3971.1
-4696.9
0.0
0.0
1310630.5
378.4
5908.6
0.0
0.0
5215423.6
4125.2
2213.2
0.0
0.0
9925015.6
2592.4
-4837.8
0.0
0.0
612273.0
-8892.6
-8208.0
0.0
0.0
2737541.9
-5418.0
-2548.9
0.0
0.0
6238317.9
948.2
4932.3
0.0
0.0
5963230.5
5606.3
4664.8
0.0
0.0
9270159.7
-7720.5
-3307.8
0.0
0.0
5359877.8
-9255.1
9621.4
0.0
0.0
3355991.6
4478.3
3592.5
0.0
0.0
5874960.2
6184.9
-6029.1
0.0
0.0
3931551.7
-3887.9
8096.1
0.0
0.0
9732807.8
-4045.7
688.5
0.0
0.0
2684861.7
-3809.4
1795.9
0.0
0.0
3536053.1
901.3
6377.9
0.0
0.0
7075313.9
-7018.1
-2673.9
0.0
0.0
4668149.5
4483.5
-7067.6
0.0
0.0
2133933.5
2947.0
-4788.2
0.0
0.0
5312732.1
-6821.7
-4043.2
0.0
0.0
5132879.9
-809.1
-9564.9
0.0
0.0
2089300.1
-9493.4
6620.0
0.0
0.0
3975475.1
-2269.1
-7267.8
0.0
0.0
3071125.2
-2831.6
-1313.6
0.0
0.0
8148173.1
1768.1
4877.1
0.0
0.0
4251217.4
8159.8
-4221.7
0.0
0.0
2530710.1
2002.6
-1239.7
0.0
0.0
6010601.3
-9222.4
-6756.3
0.0
0.0
7403467.7
-5782.5
6190.7
0.0
0.0
9879093.1
4349.6
9369.0
0.0
0.0
3208551.9
-5897.0
-1440.2
0.0
0.0
3415222.4
-2551.1
-933.6
0.0
0.0
1809734.9
4765.7
6797.4
0.0
0.0
3107513.0
-9821.4
-6034.2
0.0
0.0
7233572.4
6280.0
5733.9
0.0
0.0
4800186.2
-5822.7
3893.7
0.0
0.0
7544896.1
-1547.5
-4103.7
0.0
0.0
2206020.0
-9946.3
-3326.1
0.0
0.0
3746788.6
4587.3
891.4
0.0
0.0
1937361.3
4332.8
-4759.1
0.0
0.0
1637616.1
-9965.0
-656.1
0.0
0.0
5703544.4
-3827.7
6792.8
0.0
0.0
510106.5
-1070.3
1558.5
0.0
0.0
8488854.0
4419.2
1737.0
0.0
0.0
872594.7
-1404.9
-1983.0
0.0
0.0
8346190.4
7648.1
2194.3
0.0
0.0
5445694.1
2479.5
-9353.3
0.0
0.0
8246419.7
6071.1
-9299.5
0.0
0.0
1916516.6
-7093.5
5287.8
0.0
0.0
7089918.3
-4067.5
-379.4
0.0
0.0
9579357.1
-1672.5
-344.4
0.0
0.0
4517712.6
9282.3
5827.9
0.0
0.0
2994285.0
9303.6
-5242.4
0.0
0.0
8484549.3
6122.2
9176.8
0.0
0.0
4559630.8
6906.6
-2228.1
0.0
0.0
8367702.5
3424.9
-4580.0
0.0
0.0
4659981.8
-6163.1
7899.5
0.0
0.0
4967178.8
-9854.8
3970.6
0.0
0.0
5299894.8
-6872.7
6877.0
0.0
0.0
3061597.5
7000.8
-7190.5
0.0
0.0
7631380.0
6115.2
1137.0
0.0
0.0
2717794.2
-5426.4
419.3
0.0
0.0
736062.5
-175.3
-277.2
0.0
0.0
2995919.9
-3365.7
-4155.0
0.0
0.0
2604879.2
5180.9
-7248.4
0.0
0.0
6296513.0
1744.5
6176.6
0.0
0.0
8871007.3
-9497.7
-9986.5
0.0
0.0
7873258.4
-93.1
-9841.4
0.0
0.0
5009286.1
-9988.1
-6714.1
0.0
0.0
3525879.1
-4595.2
-9713.3
0.0
0.0
4860398.6
-9581.8
6401.9
0.0
0.0
650460.9
-4912.7
-9024.5
0.0
0.0
5599610.4
-4415.8
800.2
0.0
0.0
717953.4
838.8
7434.5
0.0
0.0
3494344.0
5270.1
2615.4
0.0
0.0
4801377.0
-2526.7
-5640.1
0.0
0.0
2985242.6
-4903.5
-5137.8
0.0
0.0
2991635.1
-9380.9
4769.1
0.0
0.0
3066974.1
112.4
4781.0
0.0
0.0
4627776.1
6482.6
-9814.2
0.0
0.0
4763959.6
-4337.6
-9396.0
0.0
0.0
3054881.6
-4020.8
-4308.7
0.0
0.0
3518254.7
6715.2
1275.5
0.0
0.0
8648363.8
7174.1
-7885.7
0.0
0.0
7429758.4
-6522.1
7384.4
0.0
0.0
3922069.1
2533.5
-5142.3
0.0
0.0
5992998.5
7765.6
-45.8
0.0
0.0
8302528.4
-6988.9
573.3
0.0
0.0
5817837.6
-1584.7
-9314.3
0.0
0.0
3338820.7
7105.3
7168.3
0.0
0.0
3427075.4
-3917.9
-7169.3
0.0
0.0
3713981.6
1460.8
-1190.1
0.0
0.0
6417333.5
7815.0
-4474.9
0.0
0.0
2273193.6
4969.4
-7300.8
0.0
0.0
3277481.8
-441.6
-3822.9
0.0
0.0
2035077.3
6762.8
8710.6
0.0
0.0
4342493.1
-1673.0
6476.1
0.0
0.0
9070736.5
-5246.7
9487.2
0.0
0.0
4593065.8
5948.8
-2097.5
0.0
0.0
4918767.2
-8074.7
-4992.2
0.0
0.0
3573719.8
-1912.5
1089.9
0.0
0.0
4918322.0
4853.8
-7449.4
0.0
0.0
9103035.0
-2688.7
-9634.4
0.0
0.0
2227469.1
1044.4
5335.1
0.0
0.0
3509577.6
6891.7
-5106.5
0.0
0.0
6443704.7
-9876.5
-8343.8
0.0
0.0
5831227.2
-1787.1
-16.8
0.0
0.0
4157387.8
-3743.4
4736.5
0.0
0.0
3913821.6
4873.5
685.3
0.0
0.0
7667502.7
-5823.8
2610.6
0.0
0.0
546207.1
647.2
-9301.9
0.0
0.0
5813894.5
9948.9
5551.9
0.0
0.0
7025446.6
8060.6
-7136.8
0.0
0.0
7199117.9
-8302.6
3907.6
0.0
0.0
4983272.2
-1966.7
799.3
0.0
0.0
7307668.0
-9453.6
922.8
0.0
0.0
8094374.3
1770.0
9135.7
0.0
0.0
3336389.7
9469.8
-4607.8
0.0
0.0
836242.6
-3343.2
-9734.2
0.0
0.0
5911770.6
-8253.7
-5558.0
0.0
0.0
2401794.4
-8156.5
5089.2
0.0
0.0
2733389.5
3030.7
5038.1
0.0
0.0
620537.3
-3231.5
3098.7
0.0
0.0
1980571.5
-9128.1
4796.1
0.0
0.0
8586685.4
310.3
-7170.6
0.0
0.0
4216361.0
-5357.7
-6624.2
0.0
0.0
9404675.5
-9369.6
5145.8
0.0
0.0
8994121.9
-3398.2
4615.6
0.0
0.0
2055436.9
-2690.4
-8727.7
0.0
0.0
2181686.0
8702.8
-6981.4
0.0
0.0
4291636.7
-7293.4
-5137.9
0.0
0.0
1959008.6
-2591.5
7892.8
0.0
0.0
9102123.8
-2337.7
-5338.7
0.0
0.0
5824017.4
779.3
-4466.9
0.0
0.0
3352158.3
-2196.1
5843.5
0.0
0.0
4696124.4
5627.8
-9514.3
0.0
0.0
6299620.1
4374.5
-8883.9
0.0
0.0
3993872.7
2256.8
-2282.1
0.0
0.0
1436270.1
5531.4
5027.5
0.0
0.0
2040633.8
9071.8
3730.4
0.0
0.0
3474466.6
-2945.8
6437.0
0.0
0.0
5783975.4
125.8
-6154.5
0.0
0.0
4783054.8
-1764.5
1507.8
0.0
0.0
6997151.4
9444.0
-7713.0
0.0
0.0
9625383.1
-4551.5
90.9
0.0
0.0
7651022.0
4282.5
-4281.3
0.0
0.0
7881736.3
-3507.8
-9906.9
0.0
0.0
8411900.1
3847.7
2349.9
0.0
0.0
2577903.2
5818.8
-2118.6
0.0
0.0
9715988.1
9062.3
-3046.8
0.0
0.0
6737925.4
-4675.7
4007.4
0.0
0.0
5045509.5
6448.5
-5866.8
0.0
0.0
6872129.8
-4534.6
2368.7
0.0
0.0
2838323.6
9143.6
1812.7
0.0
0.0
3924662.5
8355.0
7261.3
0.0
0.0
8717831.8
3409.7
1543.7
0.0
0.0
1934192.5
-1049.8
8036.0
0.0
0.0
1978420.1
-4393.1
1883.7
0.0
0.0
7844636.5
-18.6
-2297.5
0.0
0.0
2088278.6
-616.5
-3235.2
0.0
0.0
5391032.4
-7484.0
2089.1
0.0
0.0
2544534.6
2085.5
-1462.4
0.0
0.0
4507793.9
-4499.5
4003.0
0.0
0.0
882934.1
423.3
3146.6
0.0
0.0
6493972.5
7633.1
1501.6
0.0
0.0
5193067.6
4933.8
-5088.7
0.0
0.0
1176343.7
7953.1
3861.6
0.0
0.0
9743420.9
-8934.4
9468.4
0.0
0.0
5888171.8
6528.0
-550.1
0.0
0.0
9546866.7
9871.7
8833.3
0.0
0.0
3260139.2
168.6
-8650.7
0.0
0.0
9002456.1
4472.9
3434.8
0.0
0.0
3557792.6
-7089.6
8935.2
0.0
0.0
709203.7
-6283.4
-641.5
0.0
0.0
6953840.6
6335.4
-3008.4
0.0
0.0
2917086.6
-3784.4
-8074.7
0.0
0.0
5249963.6
-2360.5
9878.5
0.0
0.0
2334207.9
-2900.7
-9055.9
0.0
0.0
2081719.6
8442.8
7472.0
0.0
0.0
6570402.0
7488.9
7343.8
0.0
0.0
6016243.0
-6700.3
-2487.6
0.0
0.0
6657168.1
-8800.4
-8014.7
0.0
0.0
3538686.7
-2363.0
-5104.3
0.0
0.0
3032928.6
-1922.5
-1387.8
0.0
0.0
7478217.4
-8335.5
-5052.3
0.0
0.0
1299215.6
-3246.9
1163.3
0.0
0.0
2213755.0
6753.0
8802.7
0.0
0.0
2156028.1
-9385.5
-4098.0
0.0
0.0
2604455.0
-6055.5
-5655.1
0.0
0.0
1403672.2
6724.3
-8166.3
0.0
0.0
9641958.2
-1662.6
-4866.6
0.0
0.0
3710345.5
-8700.1
-3667.0
0.0
0.0
4653368.5
-2302.9
3970.0
0.0
0.0
6978821.2
3029.6
-7952.5
0.0
0.0
1569637.6
-2279.4
-6288.0
0.0
0.0
3919790.3
-596.9
465.1
0.0
0.0
9222346.8
3011.0
-2781.9
0.0
0.0
8653650.8
6497.4
-2167.3
0.0
0.0
1957123.4
-9072.2
1777.1
0.0
0.0
4020936.2
-7169.7
-1498.6
0.0
0.0
4891955.9
-7923.5
6838.8
0.0
0.0
7330321.7
-1164.9
8138.6
0.0
0.0
838489.9
7579.1
-4164.3
0.0
0.0
7474252.9
1218.7
8865.3
0.0
0.0
8446814.5
3470.6
-3414.2
0.0
0.0
710015.3
-9329.9
5988.9
0.0
0.0
5680941.9
9033.0
-1000.0
0.0
0.0
9109557.9
6198.5
-4502.7
0.0
0.0
3330071.0
9266.2
-3574.8
0.0
0.0
8924201.0
-3321.3
-744.5
0.0
0.0
3462349.8
5924.9
1332.0
0.0
0.0
1960760.5
304.5
-9832.9
0.0
0.0
1076601.1
1017.1
7746.2
0.0
0.0
3848558.4
-4300.2
-1035.1
0.0
0.0
3309561.0
-7570.1
-7564.5
0.0
0.0
6437826.4
-7128.0
-6894.4
0.0
0.0
4532570.1
3779.3
-7861.5
0.0
0.0
8807547.0
1904.7
8337.1
0.0
0.0
1918785.2
7862.7
7603.3
0.0
0.0
4970739.8
5597.9
-5718.1
0.0
0.0
9367082.7
-8165.6
-9793.2
0.0
0.0
5249772.3
-5090.3
511.3
0.0
0.0
5329154.0
-3876.4
-8471.5
0.0
0.0
4258596.4
3173.2
-2771.8
0.0
0.0
8516920.5
9088.0
-341.9
0.0
0.0
9673764.1
1588.7
2530.2
0.0
0.0
1648917.4
-9921.6
-3690.6
0.0
0.0
2664727.2
7567.9
8214.1
0.0
0.0
1874844.4
-9445.2
6076.8
0.0
0.0
736392.2
-33.1
1674.7
0.0
0.0
2770306.8
-1365.5
3509.1
0.0
0.0
2868544.2
8634.0
8418.8
0.0
0.0
7861426.1
-1199.4
-5457.7
0.0
0.0
8587442.3
6713.5
7715.5
0.0
0.0
2520845.7
3591.2
6803.6
0.0
0.0
7108450.9
2904.4
-1607.7
0.0
0.0
3560273.1
5323.1
-1529.4
0.0
0.0
6557254.4
9880.5
-3961.4
0.0
0.0
5708952.6
-7225.1
-3406.6
0.0
0.0
3845438.8
-6727.5
6560.3
0.0
0.0
9390914.0
-1947.9
-4805.2
0.0
0.0
6307728.0
3038.5
-6171.2
0.0
0.0
5556641.4
-1463.7
2629.4
0.0
0.0
7714255.2
-4437.5
-657.1
0.0
0.0
6629127.8
-183.1
-7065.9
0.0
0.0
5110820.3
-6270.6
5838.4
0.0
0.0
9097159.1
172.1
1161.6
0.0
0.0
3620714.3
-7075.8
1042.0
0.0
0.0
6489032.7
3890.4
3816.9
0.0
0.0
9620899.8
-9066.5
7089.5
0.0
0.0
7987055.1
9651.2
-4858.4
0.0
0.0
954581.4
1878.0
8180.2
0.0
0.0
2773251.1
-7476.5
-3283.6
0.0
0.0
8772218.2
7711.4
2278.9
0.0
0.0
3710078.9
614.9
-7904.2
0.0
0.0
5103753.9
-9678.1
-4174.8
0.0
0.0
3127007.2
8421.1
5997.3
0.0
0.0
8428756.3
-5008.9
8921.6
0.0
0.0
4173728.3
7599.6
2812.0
0.0
0.0
1236767.7
6801.4
3745.5
0.0
0.0
9354266.6
2563.7
3396.6
0.0
0.0
2296531.9
3520.7
-4725.4
0.0
0.0
1432107.7
8306.5
-2201.9
0.0
0.0
4622420.3
5721.7
-4490.4
0.0
0.0
954911.9
-7520.3
6124.4
0.0
0.0
1950428.1
2171.8
6446.3
0.0
0.0
4717419.9
7702.4
4867.4
0.0
0.0
2816160.4
4394.5
9858.5
0.0
0.0
2303904.0
-7871.3
7458.0
0.0
0.0
8389603.4
-6320.2
4259.5
0.0
0.0
5418697.2
-7679.7
-3176.8
0.0
0.0
2282099.4
-3897.5
-9656.2
0.0
0.0
4787538.1
-1935.2
8650.3
0.0
0.0
8491654.5
6743.6
4372.0
0.0
0.0
1608703.9
7701.3
6851.7
0.0
0.0
9267814.0
-9245.2
-976.4
0.0
0.0
7579805.2
-366.4
-3274.1
0.0
0.0
5141836.5
4509.8
-8879.6
0.0
0.0
5074622.3
8307.4
-6750.9
0.0
0.0
3867195.3
4917.1
-3071.1
0.0
0.0
1140455.3
-4727.7
-750.8
0.0
0.0
4381457.4
-975.9
5351.7
0.0
0.0
4544783.0
8050.5
-6583.5
0.0
0.0
3903683.3
4875.0
-9839.9
0.0
0.0
1230376.4
7209.1
7861.4
0.0
0.0
9234941.2
5667.7
8616.3
0.0
0.0
4021131.5
572.5
-1750.1
0.0
0.0
7215954.6
-9655.2
-7240.4
0.0
0.0
7748166.8
-24.4
-8932.9
0.0
0.0
9291496.2
7064.4
5984.2
0.0
0.0
3082710.7
8412.8
-8743.5
0.0
0.0
7476076.8
-3415.8
280.6
0.0
0.0
5268126.5
5099.6
-1668.9
0.0
0.0
6890967.4
-7734.8
-6793.9
0.0
0.0
6967019.9
-6197.1
-9584.8
0.0
0.0
5951195.8
-7807.8
6082.9
0.0
0.0
5293923.3
-394.9
-3344.6
0.0
0.0
9212622.3
-6256.0
-2999.8
0.0
0.0
1023453.3
9003.3
6975.8
0.0
0.0
1530320.2
7511.7
4040.2
0.0
0.0
9122826.5
-7051.0
2453.0
0.0
0.0
9719669.2
7635.5
9037.3
0.0
0.0
5102947.8
-2326.4
4136.8
0.0
0.0
9060200.3
-8871.7
6402.1
0.0
0.0
1083081.3
4743.1
-9795.1
0.0
0.0
1280294.6
-3780.7
-7602.9
0.0
0.0
8919654.2
6311.7
2002.3
0.0
0.0
2580965.2
4654.1
5746.2
0.0
0.0
5906064.3
5756.1
4749.5
0.0
0.0
4469573.6
7925.2
2261.2
0.0
0.0
1638688.5
6078.5
5210.2
0.0
0.0
7553864.5
5488.3
2845.6
0.0
0.0
7096558.9
-4821.2
-9480.8
0.0
0.0
4311554.7
-6799.8
-8352.5
0.0
0.0
2602535.3
-5572.2
6390.6
0.0
0.0
2699877.1
-3929.5
-7390.2
0.0
0.0
3838521.2
-6203.9
8921.6
0.0
0.0
9539599.1
-1822.9
3575.7
0.0
0.0
7519065.6
9558.3
-668.2
0.0
0.0
5025087.3
-2084.7
-2743.0
0.0
0.0
1349160.5
312.5
-6664.5
0.0
0.0
8573995.9
-4837.3
8823.8
0.0
0.0
5175670.3
9050.2
-5997.4
0.0
0.0
5422310.2
-2925.4
-2797.2
0.0
0.0
6204882.9
1500.9
1630.6
0.0
0.0
4490408.5
6132.3
7701.1
0.0
0.0
5730082.6
-6839.3
-8502.8
0.0
0.0
5217828.7
-7808.5
-325.8
0.0
0.0
2166269.1
6968.4
-767.5
0.0
0.0
6598857.1
-3505.1
7147.7
0.0
0.0
545912.8
-1717.4
-2539.8
0.0
0.0
2130262.8
-4719.5
2623.0
0.0
0.0
1571576.1
5124.0
1673.2
0.0
0.0
3472800.7
-4513.2
8747.7
0.0
0.0
6894136.9
7497.1
248.7
0.0
0.0
2918665.9
-4102.1
-3619.1
0.0
0.0
1826682.4
6908.6
-458.3
0.0
0.0
2537840.5
-3159.1
1733.1
0.0
0.0
7133105.4
348.9
-1298.4
0.0
0.0
2018541.5
-6811.4
5196.5
0.0
0.0
663722.3
-6714.8
-6520.8
0.0
0.0
4207336.3
-3282.7
-1240.3
0.0
0.0
703248.1
-1026.7
-6116.3
0.0
0.0
6248016.5
5231.8
-629.4
0.0
0.0
5653196.3
-1306.8
-3132.4
0.0
0.0
1021322.7
3785.1
2765.6
0.0
0.0
4052273.0
6578.1
-325.8
0.0
0.0
8584568.2
-9131.7
6515.2
0.0
0.0
4657807.5
4832.7
-3136.0
0.0
0.0
8791056.5
8029.7
52.6
0.0
0.0
6509402.4
8374.3
3337.8
0.0
0.0
8162005.8
-3820.7
-9944.9
0.0
0.0
2822862.4
-3392.9
-971.6
0.0
0.0
4667642.5
8708.2
-5739.8
0.0
0.0
9118656.3
-442.9
2953.4
0.0
0.0
2880786.7
654.6
-3261.5
0.0
0.0
8944442.1
8133.1
-6683.4
0.0
0.0
4039705.3
5153.2
-5815.1
0.0
0.0
2384404.8
-6093.5
9017.6
0.0
0.0
5644809.8
-8638.7
7047.3
0.0
0.0
919777.4
4012.7
5421.6
0.0
0.0
7255220.3
143.2
-8399.1
0.0
0.0
7281401.4
5033.5
-1792.0
0.0
0.0
2069896.8
-6192.5
-3083.8
0.0
0.0
4093507.2
-8048.0
6473.3
0.0
0.0
746369.4
-3035.8
-2872.1
0.0
0.0
3947149.4
-5258.0
-4739.0
0.0
0.0
5522529.4
2194.0
-9585.8
0.0
0.0
7510350.0
6161.1
-5679.4
0.0
0.0
7043716.6
-3007.7
-4318.0
0.0
0.0
5641170.8
-2123.9
9694.7
0.0
0.0
3466434.8
-7902.4
-162.1
0.0
0.0
4226845.0
6374.2
-5128.6
0.0
0.0
8125649.4
9679.3
-1321.1
0.0
0.0
1910864.6
-2755.5
630.9
0.0
0.0
9735686.9
-2236.8
7595.1
0.0
0.0
3621438.8
5020.4
-7662.9
0.0
0.0
6120393.5
-4405.9
4531.0
0.0
0.0
6317119.2
-9647.3
692.2
0.0
0.0
8369423.2
4129.0
7684.5
0.0
0.0
1568362.3
-5047.5
-4439.4
0.0
0.0
1423338.7
1197.6
-2341.9
0.0
0.0
6096358.2
9043.6
-5967.6
0.0
0.0
8410283.3
5097.6
-6288.4
0.0
0.0
3032756.4
8067.9
956.2
0.0
0.0
8082433.8
7511.4
8719.4
0.0
0.0
6940102.1
-5917.1
3739.7
0.0
0.0
8050203.5
5915.3
9333.9
0.0
0.0
5452443.3
-1838.2
9686.6
0.0
0.0
1031226.3
-5271.0
3815.6
0.0
0.0
9431362.3
-3021.8
8768.1
0.0
0.0
2572628.7
-1077.9
-34.3
0.0
0.0
6210245.9
-9296.1
-990.6
0.0
0.0
8125615.2
7357.1
-5893.0
0.0
0.0
9888633.4
-7310.7
-7825.2
0.0
0.0
5592807.8
8652.3
9686.3
0.0
0.0
4984507.7
2210.4
-6230.9
0.0
0.0
2010882.4
-1894.5
9684.4
0.0
0.0
1694461.4
8531.7
-2153.8
0.0
0.0
1545594.7
9650.1
2575.3
0.0
0.0
8107998.9
8453.0
9553.5
0.0
0.0
7522844.8
-7183.6
-1524.4
0.0
0.0
2756567.3
4838.0
-820.5
0.0
0.0
7036011.2
891.9
-3463.3
0.0
0.0
8986826.0
657.5
-774.1
0.0
0.0
519876.3
-8620.8
-2121.8
0.0
0.0
9870849.0
820.2
-9911.4
0.0
0.0
2161182.9
4001.0
-1805.9
0.0
0.0
2011271.6
6515.7
-3274.1
0.0
0.0
5738234.3
8716.9
-3624.0
0.0
0.0
2211494.1
4733.8
-5171.0
0.0
0.0
1999413.4
-481.3
-2354.6
0.0
0.0
6025330.9
4269.4
-7516.6
0.0
0.0
885604.7
-1970.6
3375.3
0.0
0.0
3990518.1
-4103.6
-5967.3
0.0
0.0
8372827.6
-4061.7
-4588.1
0.0
0.0
2614966.9
-4333.6
6232.1
0.0
0.0
2657038.1
-836.4
233.1
0.0
0.0
6549244.6
2345.2
-3251.2
0.0
0.0
9744029.8
-6626.9
-4534.3
0.0
0.0
3272620.0
-3023.8
-9800.5
0.0
0.0
5566377.5
132.9
-281.8
0.0
0.0
9197931.0
-8234.9
-6012.4
0.0
0.0
877526.4
-7423.1
2017.0
0.0
0.0
7230778.9
-74.6
7913.4
0.0
0.0
9146321.9
-3500.2
-6148.3
0.0
0.0
2216963.2
952.3
-482.0
0.0
0.0
9927210.5
5493.5
8681.6
0.0
0.0
5287946.1
-1771.3
1026.8
0.0
0.0
8493631.5
-2310.2
4399.9
0.0
0.0
1589861.4
3526.9
-8623.9
0.0
0.0
1684634.8
-5807.0
1509.0
0.0
0.0
6300796.4
-7495.6
3274.1
0.0
0.0
8194913.5
-6700.8
5851.1
0.0
0.0
4402997.3
7469.3
-4223.5
0.0
0.0
3411873.8
5672.1
2276.2
0.0
0.0
5241419.2
9286.7
-6771.4
0.0
0.0
9762482.5
9133.5
8722.1
0.0
0.0
9136246.7
-786.6
-3049.2
0.0
0.0
4873983.3
-3957.9
4640.6
0.0
0.0
2213926.7
-1663.5
-1832.4
0.0
0.0
2867571.1
830.5
2360.6
0.0
0.0
8334329.8
-6957.3
4865.0
0.0
0.0
5139533.8
9242.5
8164.2
0.0
0.0
3168787.7
-2540.7
5633.5
0.0
0.0
5912609.7
3589.6
1305.6
0.0
0.0
2243827.2
-6428.5
592.3
0.0
0.0
3777407.3
-6928.5
-274.2
0.0
0.0
3170387.9
-8746.9
8939.1
0.0
0.0
6472013.9
461.5
-5018.8
0.0
0.0
3926314.9
