256
-7276.9
-6480.9
0.0
0.0
7732285.5
-3651.1
-5378.4
0.0
0.0
9603803.4
7136.2
9072.6
0.0
0.0
4966389.6
-8926.7
-6250.3
0.0
0.0
1080267.1
-5574.3
-6856.1
0.0
0.0
8139227.3
-9925.9
8259.0
0.0
0.0
5982372.3
8928.0
-2761.4
0.0
0.0
5041003.4
-5909.9
-9282.2
0.0
0.0
1063603.0
5176.6
-7617.5
0.0
0.0
7754581.8
-5370.1
-6667.7
0.0
0.0
1658353.9
-983.4
-3944.6
0.0
0.0
3329931.9
-5757.5
2404.3
0.0
0.0
5525182.0
-6591.6
-459.5
0.0
0.0
5084669.9
2811.3
613.9
0.0
0.0
6865791.8
4032.9
5039.6
0.0
0.0
8359138.0
115.5
5113.7
0.0
0.0
7532164.2
-8342.7
4041.7
0.0
0.0
1470519.4
1217.3
8131.8
0.0
0.0
1811459.0
2403.9
3308.4
0.0
0.0
2943135.2
-2323.3
7938.3
0.0
0.0
4525989.7
115.3
-3045.1
0.0
0.0
7402325.4
6073.1
1197.3
0.0
0.0
3794379.8
-3347.6
4605.7
0.0
0.0
8326138.2
6304.3
-2583.0
0.0
0.0
3867728.7
-294.0
-8550.1
0.0
0.0
1511539.6
-3748.4
1565.4
0.0
0.0
8690530.1
-8943.9
3222.7
0.0
0.0
5860330.7
-6900.7
-5559.9
0.0
0.0
4972931.2
-4139.7
6843.9
0.0
0.0
1794404.1
1003.7
-5479.4
0.0
0.0
815079.8
9479.5
4635.9
0.0
0.0
4118642.0
4010.7
709.0
0.0
0.0
9437376.3
-9053.8
7361.4
0.0
0.0
6875085.9
7422.3
3665.7
0.0
0.0
898160.6
-5487.7
-6628.3
0.0
0.0
1586867.5
-3358.2
-376.7
0.0
0.0
7080433.7
-6115.0
679.4
0.0
0.0
3861231.6
5170.0
3778.7
0.0
0.0
5970264.6
-5413.4
9639.0
0.0
0.0
4471135.7
-2688.3
642.7
0.0
0.0
6618426.6
-2025.0
122.2
0.0
0.0
4070491.2
5593.2
-5867.1
0.0
0.0
9157261.5
4408.8
-4920.9
0.0
0.0
7903919.5
-2170.0
-7498.6
0.0
0.0
4895135.0
-1331.8
-2986.3
0.0
0.0
6496699.8
956.4
3655.5
0.0
0.0
1567751.9
-5190.1
7540.5
0.0
0.0
6640455.5
1886.2
2710.5
0.0
0.0
3685329.9
-6597.5
7297.1
0.0
0.0
3513834.1
1762.8
-5391.2
0.0
0.0
8569103.3
-5356.3
2583.9
0.0
0.0
3877127.2
2160.5
-1822.9
0.0
0.0
5840231.1
386.4
-7414.1
0.0
0.0
8252794.9
-4026.4
415.9
0.0
0.0
9440956.7
5226.5
9084.1
0.0
0.0
3272445.3
-2148.9
40.5
0.0
0.0
9758800.2
99.0
4850.4
0.0
0.0
8590551.5
-6973.7
-3263.4
0.0
0.0
5128029.9
-267.8
139.1
0.0
0.0
3844166.6
6077.1
-8098.1
0.0
0.0
6033365.7
3064.7
-3454.4
0.0
0.0
2510707.1
-9825.5
8706.2
0.0
0.0
6394832.6
1417.1
-907.5
0.0
0.0
7623118.7
-2261.3
5066.1
0.0
0.0
3070651.1
-3438.2
292.6
0.0
0.0
2635590.6
2398.5
8143.7
0.0
0.0
7404804.5
1890.7
-1757.3
0.0
0.0
4958726.7
-1076.5
1268.9
0.0
0.0
8158588.7
8666.7
-8998.8
0.0
0.0
3474655.3
-4292.9
7078.3
0.0
0.0
4378061.9
7356.2
143.0
0.0
0.0
7487235.2
-8410.7
317.5
0.0
0.0
6872666.4
3999.5
-8265.4
0.0
0.0
1691617.0
-1004.5
-526.7
0.0
0.0
8848006.4
4407.4
6035.1
0.0
0.0
4236969.5
8903.4
-1566.3
0.0
0.0
3355206.3
3439.8
-9675.6
0.0
0.0
7270468.6
-7173.4
-752.1
0.0
0.0
3123211.9
8950.0
-2085.4
0.0
0.0
3598766.0
-4787.6
3621.7
0.0
0.0
2210965.2
3376.7
977.9
0.0
0.0
7028912.6
-1913.3
2567.2
0.0
0.0
2429735.4
-8497.1
-3433.3
0.0
0.0
3253664.8
-5988.5
5562.2
0.0
0.0
7753495.6
-8413.7
-30.3
0.0
0.0
5870184.6
-546.4
-1126.9
0.0
0.0
9876176.9
5464.5
-7687.1
0.0
0.0
530272.8
-281.8
-4860.5
0.0
0.0
4923023.8
5240.7
-5910.5
0.0
0.0
8682459.6
-8235.6
-698.1
0.0
0.0
5652747.0
-4633.5
-7321.3
0.0
0.0
1367251.5
9111.5
765.4
0.0
0.0
7336680.3
-6825.9
2268.2
0.0
0.0
955866.1
-1028.7
6279.7
0.0
0.0
8347927.4
-5758.2
7866.0
0.0
0.0
3583515.3
5547.5
-2680.4
0.0
0.0
7798220.5
5286.8
-7215.9
0.0
0.0
8896847.3
5350.5
2502.3
0.0
0.0
1838122.6
-5337.8
-2257.0
0.0
0.0
3780635.1
-8111.6
-492.6
0.0
0.0
8199040.0
2736.3
4873.9
0.0
0.0
9471399.2
4562.1
3985.4
0.0
0.0
5084947.9
-1044.9
7159.5
0.0
0.0
1412352.6
-85.2
-3869.1
0.0
0.0
9145230.3
-3563.2
372.7
0.0
0.0
8131587.3
2928.4
-4079.8
0.0
0.0
2108393.3
-1706.9
-8793.0
0.0
0.0
3430854.4
-4029.4
6557.6
0.0
0.0
9369439.3
-1212.3
-8780.3
0.0
0.0
3547359.9
5694.3
-6891.8
0.0
0.0
8063382.3
1902.8
5844.4
0.0
0.0
5628471.5
790.0
406.5
0.0
0.0
2771540.3
-9557.5
9361.6
0.0
0.0
1422323.9
-7636.7
-723.6
0.0
0.0
4334487.4
-9436.3
5713.2
0.0
0.0
9261526.2
6630.2
-1358.4
0.0
0.0
2573625.0
-9983.7
6934.7
0.0
0.0
3146960.6
-3813.5
-7094.7
0.0
0.0
1511805.8
-5140.9
1693.0
0.0
0.0
2091184.5
1274.5
-2612.7
0.0
0.0
3567556.3
-2802.5
9290.2
0.0
0.0
1593668.1
7994.2
80.2
0.0
0.0
6536771.4
-7223.6
522.7
0.0
0.0
6233546.6
-5281.8
2885.9
0.0
0.0
1139859.8
2790.8
3449.7
0.0
0.0
8603638.3
1236.1
79.9
0.0
0.0
3208397.3
5601.6
96.2
0.0
0.0
1752357.5
-8825.8
6282.8
0.0
0.0
3132365.9
-6695.7
-8858.2
0.0
0.0
8686545.5
-3345.9
2416.4
0.0
0.0
2695531.0
3112.2
9613.8
0.0
0.0
2358362.7
5414.6
7608.1
0.0
0.0
7146439.6
-1876.4
-9615.5
0.0
0.0
2644709.6
-9805.8
-4897.3
0.0
0.0
8765525.3
-8458.7
7893.4
0.0
0.0
5654117.0
8601.6
-870.5
0.0
0.0
942072.0
-5696.5
-5268.8
0.0
0.0
5737783.8
-3060.0
-4094.7
0.0
0.0
3972106.5
2481.9
-790.4
0.0
0.0
4514479.6
-283.3
5863.7
0.0
0.0
912262.9
4338.9
-1024.1
0.0
0.0
728838.7
8251.2
-5609.5
0.0
0.0
9092678.5
2243.7
2514.1
0.0
0.0
9275322.5
6758.9
2708.3
0.0
0.0
2199094.7
4160.0
4249.6
0.0
0.0
1198482.5
-4989.2
2851.2
0.0
0.0
5535012.1
-4058.6
7154.7
0.0
0.0
7782308.4
6968.3
-5905.2
0.0
0.0
1087332.0
-5722.0
6576.6
0.0
0.0
5461888.7
2729.6
-3706.7
0.0
0.0
3497163.1
3597.5
-9367.9
0.0
0.0
7760711.3
4079.3
8883.3
0.0
0.0
9846201.6
2169.1
1127.0
0.0
0.0
6290405.3
643.5
-2114.1
0.0
0.0
2826869.0
4220.5
-7954.1
0.0
0.0
9595452.6
5691.0
-2943.3
0.0
0.0
6199794.4
-3709.0
2998.1
0.0
0.0
4848291.6
-8377.8
-33.6
0.0
0.0
6793301.8
-7141.3
4244.5
0.0
0.0
5167190.9
3304.8
-3025.9
0.0
0.0
8156504.3
9614.6
-9428.4
0.0
0.0
8456773.1
4900.3
4650.8
0.0
0.0
7926360.0
4576.5
-3180.0
0.0
0.0
3711704.5
-3233.2
7463.4
0.0
0.0
7457516.3
1665.5
1684.0
0.0
0.0
8429320.6
813.8
-2625.0
0.0
0.0
2281234.3
-7186.6
3666.0
0.0
0.0
8455329.5
1967.7
5288.2
0.0
0.0
3689390.0
-4783.2
8146.9
0.0
0.0
955522.2
5042.4
1451.7
0.0
0.0
4268205.7
1161.4
1066.3
0.0
0.0
4539703.4
-2087.5
-4033.4
0.0
0.0
1998853.9
-6453.1
-9456.9
0.0
0.0
5238335.7
308.4
-2690.0
0.0
0.0
4033471.2
-5044.2
8975.5
0.0
0.0
9583355.2
-8350.9
-210.6
0.0
0.0
3586470.3
-4600.9
2602.8
0.0
0.0
577828.5
-7852.8
-5429.5
0.0
0.0
7839738.2
-1138.3
-212.8
0.0
0.0
6959531.5
-179.4
-5170.3
0.0
0.0
2899097.1
7753.7
5991.1
0.0
0.0
8155598.0
-3741.6
-6096.5
0.0
0.0
1489745.6
-586.2
-2549.5
0.0
0.0
1747741.4
9389.3
7758.9
0.0
0.0
5219990.7
-3171.8
-7285.3
0.0
0.0
4733362.5
-4049.0
-5636.2
0.0
0.0
9383309.4
2448.9
-237.1
0.0
0.0
5869625.7
2612.7
1910.1
0.0
0.0
8040603.2
-1935.2
-9228.3
0.0
0.0
3189543.5
-8336.2
592.4
0.0
0.0
5483637.6
-3285.5
-1653.9
0.0
0.0
3579389.7
-7168.4
4604.4
0.0
0.0
5433573.0
-5084.8
-5981.7
0.0
0.0
8972547.3
-2457.9
-6592.5
0.0
0.0
7908017.4
7478.9
235.7
0.0
0.0
9197499.4
-3608.8
6186.7
0.0
0.0
1770314.0
-4907.1
-1364.4
0.0
0.0
6407695.5
6397.4
-8751.7
0.0
0.0
2564973.4
2272.4
-686.9
0.0
0.0
2931537.7
7934.6
976.9
0.0
0.0
7962910.7
-1573.6
7691.4
0.0
0.0
2427298.0
4909.4
-9477.0
0.0
0.0
9364403.2
-4704.2
-4561.8
0.0
0.0
1773080.0
-6867.2
2980.3
0.0
0.0
3391664.1
8728.6
459.2
0.0
0.0
8253626.8
7039.1
6850.4
0.0
0.0
6442323.3
9713.5
-8056.7
0.0
0.0
1044223.7
2150.7
8340.8
0.0
0.0
1637156.7
6498.0
613.1
0.0
0.0
6060860.3
-8382.9
-1452.3
0.0
0.0
1774866.1
7328.5
6974.1
0.0
0.0
678271.2
-8614.1
1883.5
0.0
0.0
926673.4
-9952.2
7179.3
0.0
0.0
3509818.4
-7272.0
-9687.9
0.0
0.0
9675447.5
-1184.3
9040.7
0.0
0.0
5143551.5
-4860.9
6079.8
0.0
0.0
3647492.6
7649.3
5793.3
0.0
0.0
4570580.4
8795.0
-2056.0
0.0
0.0
3782440.4
-8811.0
-5558.0
0.0
0.0
8823676.0
2896.1
-3940.9
0.0
0.0
3383830.5
5580.0
-6612.5
0.0
0.0
1946541.6
5955.3
-5226.5
0.0
0.0
7591199.1
6853.6
-5178.7
0.0
0.0
6251375.7
-6809.9
-2450.7
0.0
0.0
6399618.9
-7493.2
6365.0
0.0
0.0
5943946.1
2282.7
-8495.9
0.0
0.0
4081856.6
8909.0
9153.4
0.0
0.0
2083664.5
-2521.4
7948.4
0.0
0.0
5857065.1
4389.0
9137.5
0.0
0.0
7967031.9
1912.6
2033.6
0.0
0.0
1345102.6
7983.8
-2386.4
0.0
0.0
2954187.9
-8970.9
-6431.1
0.0
0.0
5221585.8
5958.0
-9577.5
0.0
0.0
7511699.5
-1933.9
-6387.4
0.0
0.0
1597608.9
-9513.6
-3880.6
0.0
0.0
9370978.2
1947.3
8402.1
0.0
0.0
585434.2
9488.1
7311.1
0.0
0.0
9683300.2
-7177.9
-5210.3
0.0
0.0
8708799.9
4100.1
9178.8
0.0
0.0
8299090.0
-179.8
1091.3
0.0
0.0
4515030.7
1599.4
-924.9
0.0
0.0
8131488.3
6766.1
104.2
0.0
0.0
9826733.8
-3293.7
-3937.8
0.0
0.0
527440.8
-8532.3
4128.4
0.0
0.0
2243427.5
-6221.5
4614.7
0.0
0.0
5150141.6
-7545.8
-3437.9
0.0
0.0
4391134.5
-7365.9
-3949.9
0.0
0.0
3113898.7
-8032.6
-1127.7
0.0
0.0
5389014.7
9249.0
-7027.6
0.0
0.0
4998922.9
5668.2
2792.6
0.0
0.0
767299.2
-5879.1
-5608.0
0.0
0.0
5077974.2
-9812.8
-8841.9
0.0
0.0
9877489.5
9822.4
-2135.7
0.0
0.0
3257044.1
9880.2
-667.9
0.0
0.0
9968013.8
-6449.5
3110.5
0.0
0.0
7410017.5
3340.3
5564.8
0.0
0.0
1027001.4
